1.573900,1.567500,1.560000,1.551800,1.543200,1.534600,1.525900,1.517900,1.510800,1.504700,1.500200,1.497400,1.496600,1.498300,1.501600,1.507000,1.513200,1.520600,1.528300,1.535900,1.543400,1.550000,1.555400,1.559300,1.561800,1.563500,1.563500,1.561600,1.559400,1.557200,1.554400,1.550600,1.546300,1.541800,1.537100,1.532300,1.527400,1.521900,1.516300,1.510900,1.505800,1.500900,1.496200,1.492100,1.488400,1.485500,1.483900,1.482900,1.483400,1.486100,1.491600,1.499200,1.509100,1.520200,1.531900,1.543600,1.555200,1.565600,1.575100,1.582300,1.587400,1.589900,1.589800,1.587000,1.582400,1.575800,1.567600,1.557900,1.547700,1.537800,1.529000,1.521800,1.517100,1.515400,1.517000,1.522000,1.529500,1.539900,1.552200,1.565300,1.578700,1.591000,1.601300,1.608900,1.614000,1.615900,1.614700,1.610700,1.604600,1.597000,1.588300,1.579000,1.569900,1.562000,1.555500,1.551100,1.549500,1.550400,1.553700,1.558300,1.564400,1.571300,1.578000,1.584100,1.588800,1.591600,1.592400,1.591600,1.588700,1.584300,1.578100,1.571200,1.564100,1.557300,1.551800,1.547000,1.543800,1.542100,1.541900,1.542900,1.545200,1.548400,1.551600,1.554800,1.557600,1.559300,1.559100,1.556300,1.551000,1.543000,1.532500,1.521100,1.509300,1.497900,1.488000,1.480500,1.476500,1.476400,1.480600,1.489100,1.501600,1.517400,1.535700,1.555300,1.575600,1.595600,1.615500,1.633600,1.650100,1.663800,1.674200,1.681800,1.685600,1.685900,1.682500,1.674800,1.663200,1.648000,1.629800,1.609100,1.586800,1.563900,1.541600,1.521200,1.504100,1.490800,1.482800,1.480300,1.483000,1.491100,1.503100,1.517100,1.532100,1.546100,1.558500,1.568400,1.574600,1.576200,1.573200,1.567200,1.558200,1.547000,1.534600,1.522300,1.511200,1.502600,1.497400,1.496000,1.498600,1.504600,1.513500,1.524400,1.536300,1.547700,1.557500,1.564800,1.569100,1.570100,1.568200,1.563300,1.556200,1.548600,1.541100,1.534400,1.530200,1.529200,1.530900,1.535600,1.543600,1.553100,1.563700,1.575000,1.585400,1.594100,1.600000,1.602300,1.600300,1.593800,1.583000,1.567600,1.549500,1.528800,1.508000,1.488600,1.472500,1.461700,1.457300,1.460400,1.471200,1.488400,1.511000,1.537200,1.565600,1.594600,1.622900,1.649500,


1.674200,

1.696700,1.716400,1.733600,1.748300,1.761000,1.771000,1.779100,1.785900,1.790800,1.793800,1.795900,1.796600,1.796400,1.795400,1.793900,1.791100,1.787800,1.783400,1.778300,1.772500,1.765600,1.757400,1.747800,1.736500,1.724100,1.710100,1.695300,1.679600,1.663500,1.646500,1.629500,1.612700,1.596100,1.579600,1.564500,1.550600,1.537600,1.526800,1.517600,1.510200,1.504400,1.500400,1.497900,1.496700,1.497500,1.500400,1.505400,1.511600,1.519100,1.526900,1.534600,1.541300,1.547300,1.551900,1.554500,1.554900,1.553700,1.551000,1.546900,1.542100,1.537500,1.533400,1.530700,1.529900,1.531200,1.534700,1.540000,1.545700,1.551400,1.556500,1.560000,1.561800,1.561800,1.559700,1.555400,1.549000,1.541800,1.534000,1.526600,1.520200,1.515700,1.513100,1.512800,1.515200,1.519800,1.526000,1.532900,1.540500,1.547800,1.554500,1.560400,1.565100,1.569000,1.572000,1.574900,1.577600,1.580700,1.584700,1.590200,1.597000,1.605800,1.616800,1.630400,1.646200,1.664100,

1.683900,

1.705800,1.728800,1.752700,1.777600,1.802600,1.827500,1.851400,1.874800,1.897400,1.919200,1.939900,1.959100,1.977100,1.993400,

2.008400,

2.021900,2.034000,2.045400,2.055600,2.065100,2.074100,2.082800,2.091000,2.099300,2.107500,2.115800,2.123900,2.131800,2.139000,2.146300,2.153300,2.159700,2.166100,2.172200,2.178000,2.183800,2.189400,2.194600,2.199800,2.205000,2.210300,2.216400,2.223300,2.231100,2.239500,2.248500,2.258600,2.269000,2.280000,2.290700,2.301300,2.310800,2.319200,2.326400,2.332200,2.335900,2.337600,2.337900,2.337000,2.334600,2.331400,2.327300,2.323100,2.318700,2.314300,2.311000,2.308000,2.305600,2.304900,2.305800,2.308700,2.313000,2.318300,2.325700,2.334300,2.344300,2.355300,2.367900,2.381300,2.395300,2.409700,2.424000,2.438600,2.453400,2.467900,2.481800,2.495300,2.508400,2.520800,2.532300,2.542900,2.553100,2.563100,2.572200,2.581500,2.590300,2.598700,2.606900,2.614200,2.620600,2.626300,2.630900,2.635000,2.638500,2.641600,2.644600,2.647300,2.650000,2.652100,2.654900,2.658400,2.662500,2.666700,2.671900,2.677700,2.684500,2.691500,2.699000,2.706000,2.712500,2.718200,2.722800,2.725900,2.727300,2.727300,2.725800,2.722600,2.718300,2.712600,2.705700,2.697900,2.689300,2.679700,2.669500,2.658900,2.647800,2.636800,2.626700,2.618300,2.611100,2.605200,2.600700,2.598100,2.597200,2.597900,2.600300,2.603900,2.608600,2.614800,2.621600,2.628100,2.635300,2.641900,2.648600,2.655600,2.663100,2.671000,2.679900,2.689800,2.700800,2.713100,2.726000,2.739800,2.754300,2.769200,2.784300,2.799100,2.812900,2.826100,2.837400,2.847300,2.855100,2.861000,2.865200,2.868500,2.870700,2.872400,2.874000,2.875900,2.877600,2.879700,2.882400,2.885600,2.889800,2.895000,2.900900,2.907300,2.914300,2.921400,2.928300,2.934600,2.940000,2.944100,2.946800,2.947900,2.947400,2.945900,2.943400,2.939700,2.935200,2.930100,2.924000,2.917600,2.910800,2.903400,2.896000,2.888300,2.880900,2.873200,2.866100,2.859500,2.852900,2.846700,2.840700,2.835100,2.830000,2.825200,2.820600,2.816300,2.812300,2.808700,2.806000,2.803600,2.801900,2.801000,2.801200,2.802600,2.804800,2.808200,2.812700,2.818100,2.824400,2.831300,2.838200,2.844900,2.850900,2.856100,2.860300,2.863200,2.865200,2.865800,2.865000,2.863100,2.860300,2.857300,2.853900,2.850400,2.847000,2.844800,2.843000,2.842100,2.842300,2.843300,2.845000,2.847600,2.850800,2.854700,2.859700,2.865100,2.871300,2.878300,2.886600,2.895400,2.904500,2.914400,2.924100,2.933500,2.942800,2.952200,2.961400,2.970200,2.978400,2.986300,2.993300,2.999600,3.005900,3.011600,3.016700,3.022000,3.026900,3.031400,3.035600,3.039300,3.043100,3.046500,3.049600,3.052800,3.056100,3.059800,3.064200,3.069000,3.074000,3.079500,3.085300,3.091500,3.097200,3.103300,

3.110200,

3.117700,3.125700,3.134600,3.143500,3.152300,3.160600,3.167900,3.173400,3.177400,3.179700,